#  JD          J           K  
 2450199.5   5.84 .00    4.68 .00  
 2450199.5   5.83 .00    4.68 .00  
 2450200.5   5.85 .01    4.68 .01  
 2450200.5   5.87 .00    4.68 .01  
 2450207.5   5.85 .01    4.66 .01  
 2450207.5   5.86 .01    4.67 .01  
 2450213.4   5.86 .01    4.71 .01  
 2450213.4   5.86 .01    4.69 .01  
 2450242.4   6.03 .01    4.82 .01  
 2450242.4   6.05 .01    4.82 .01  
 2450258.4   6.09 .02    4.83 .02  
 2450258.4   6.09 .02    4.85 .03  
 2450259.4   6.02 .01    4.88 .00  
 2450259.4   6.00 .01    4.86 .01  
 2450264.4   5.99 .01    4.78 .02  
 2450264.4   6.01 .01    4.79 .02  
 2450269.3   5.93 .01    4.78 .01  
 2450269.3   5.93 .01    4.78 .01  
 2450271.3   5.93 .02    4.74 .01  
 2450271.3   5.93 .01    4.74 .01  
 2450615.4   5.92 .00    4.73 .01  
 2450615.4   5.91 .00    4.73 .01  
 2450623.3   5.92 .00    4.71 .01  
 2450623.3   5.92 .01    4.71 .00  
 2450677.3   5.91 .00    4.75 .00  
 2450677.3   5.89 .00    4.73 .00  
 2450866.6   5.83 .01    4.67 .01  
 2450866.6   5.84 .01    4.67 .01  
 2450867.6   5.85 .01    4.67 .01  
 2450867.6   5.83 .00    4.66 .00  
 2450868.6   5.84 .01    4.67 .01  
 2450874.6   5.82 .00    4.66 .00  
 2450874.6   5.82 .00    4.66 .00  
 2450975.3   5.83 .01    4.67 .01  
 2450975.3   5.84 .02    4.72 .01  
 2450976.4   5.87 .01    4.69 .00  
 2450977.3   5.84 .01    4.65 .01  
 2450977.3   5.84 .01    4.68 .01  
 2450981.4   5.84 .01    4.68 .01  
 2450981.4   5.84 .02    4.67 .01  
 2451008.4   5.90 .01    4.70 .01  
 2451008.4   5.86 .01    4.69 .01  
 2451034.3   5.94 .02    4.74 .02  
 2451351.3   5.82 .01    4.65 .02  
 2451351.3   5.85 .02    4.66 .03  
 2451352.3   5.84 .01    4.69 .01  
 2451352.3   5.85 .01    4.67 .01  
 2451355.3   5.85 .00    4.68 .01  
 2451355.3   5.85 .01    4.69 .01  
 2451359.3   5.89 .01    4.71 .01  
 2451359.3   5.88 .01    4.69 .01  
 2451361.3   5.90 .01    4.71 .01  
 2451364.3   5.92 .01    4.73 .01  
 2451364.3   5.92 .01    4.73 .01  
 2451365.3     -   -     4.72 .01  
 2451365.3     -   -     4.72 .01  
 2451366.3   5.93 .01    4.73 .01  
 2451366.3   5.93 .00    4.72 .01  
 2451770.2   5.90 .00    4.71 .01  
 2451770.2   5.94 .01    4.71 .01  
 2451776.3   5.88 .01    4.71 .01  
 2451776.3   5.87 .01    4.70 .01  
 2451951.6   6.00 .01    4.79 .00  
 2451951.6   5.99 .01    4.79 .00  
 2451976.6   6.00 .01    4.79 .01  
 2451976.6   5.98 .01    4.80 .01  
 2451982.6   5.96 .01    4.78 .00  
 2451982.6   5.96 .01    4.78 .01  
 2452003.5   5.90 .01    4.72 .01  
 2452007.5   5.88 .01    4.70 .00  
 2452007.5   5.88 .01    4.71 .00  
 2452012.5   5.87 .00    4.69 .01  
 2452012.5   5.88 .01    4.70 .00  
 2452031.5   5.89 .00    4.72 .00  
 2452031.5   5.89 .01    4.72 .00  
 2452037.4   5.92 .00    4.74 .01  
 2452072.4   6.08 .01    4.88 .01  
 2452072.4   6.07 .01    4.87 .01  
 2452309.6   6.02 .00    4.83 .00  
 2452310.6   6.02 .00    4.83 .00  
 2452348.6   5.88 .01    4.70 .01  
 2452421.4   5.98 .01    4.80 .01  
 2452421.4   5.99 .01    4.79 .01  
 2452516.2   6.05 .01    4.85 .00  
 2452516.2   6.07 .01    4.86 .01  
 2452697.6   5.85 .01    4.70 .00  
 2452697.6   5.85 .00    4.70 .00  
 2452700.6   5.86 .00    4.69 .00  
 2452700.6   5.86 .00    4.70 .00  
 2452716.6   5.88 .00    4.72 .00  
 2452716.6   5.88 .00    4.72 .00  
 2452724.5   5.92 .00    4.74 .00  
 2452724.5   5.93 .00    4.74 .00  
 2452739.5   5.99 .01    4.82 .01  
 2452739.5   6.00 .01    4.81 .01  
 2452751.4   6.01 .00    4.82 .00  
 2452751.4   6.02 .00    4.83 .01  
 2452774.4   5.99 .01    4.80 .01  
 2452774.4   5.99 .00    4.80 .00  
 2452800.4   5.86 .00    4.69 .00  
 2452800.4   5.87 .01    4.69 .00  
 2452806.4   5.87 .01    4.69 .00  
 2452806.4   5.87 .01    4.69 .00  
 2452809.3   5.87 .01    4.68 .01  
 2452809.3   5.86 .01    4.68 .01  
 2452832.3   5.90 .01    4.75 .01  
 2452832.3   5.90 .01    4.74 .01  
 2452836.3   5.93 .01    4.74 .01  
 2452836.3   5.94 .01    4.75 .01  
 2452840.3   5.94 .01    4.76 .01  
 2452840.3   5.93 .01    4.76 .01  
 2452840.3     -   -     4.75 .01  
 2452843.3   5.97 .01    4.76 .01  
 2452843.3   5.95 .01    4.77 .01  
 2452843.3   5.96 .01    4.78 .01  
 2452871.3   6.01 .01    4.80 .01  
 2452871.3   5.99 .01    4.78 .01  
 2452871.3   6.01 .01    4.79 .01  
 2454696.3   6.01 .02    4.79 .01  
 2455019.3   6.06 .01    4.85 .00  
 2455760.3   5.88 .01    4.70 .01  
 2455782.3   5.88 .01    4.72 .01  
 2455783.3   5.90 .01    4.72 .01  
 2455783.3   5.90 .01    4.72 .01  
 2455794.2   5.93 .00    4.74 .00  
 2456005.6   5.87 .01    4.72 .01  
 2456033.5   5.98 .00    4.76 .00  
 2456058.4   6.01 .00    4.81 .01  
 2456080.4   5.96 .01    4.77 .01  
 2456089.4   5.88 .01    4.70 .01  
 2456110.3   5.88 .01    4.68 .00  
 2456147.3   5.98 .00    4.77 .00  
 2456409.5   6.00 .00    4.80 .00  
 2456431.4   5.91 .01    4.73 .00  
 2456438.4   5.88 .01    4.71 .01  
 2456442.4   5.86 .01    4.71 .01  
 2456467.4   5.92 .01    4.72 .01  
 2456471.4   5.90 .00    4.72 .00  
 2456485.3   5.94 .00    4.75 .00  
 2456492.4   5.94 .01    4.75 .01  
 2456498.3   6.00 .01    4.78 .00  
 2456517.3   6.03 .01    4.80 .01  
 2456517.3   6.01 .01    4.82 .01  
 2456517.3     -   -     4.81 .01  
 2456694.7   5.88 .00    4.72 .00  
 2456739.6   6.00 .00    4.82 .00  
 2456769.5   5.91 .00    4.75 .00  
 2456824.4   5.92 .01    4.76 .01  
 2456848.3   6.04 .01    4.84 .00  
 2456871.3   5.98 .01    4.80 .00  
 2456880.3   5.92 .01    4.76 .00  
 2456886.2   5.88 .01    4.74 .01  
 2456886.2   5.91 .01    4.74 .01  
 2456916.2   5.86 .01    4.70 .01  
 2456941.2   5.94 .02    4.76 .01  
 2457103.6   5.93 .00    4.76 .00  
 2457124.5   5.84 .00    4.68 .00  
 2457227.3   5.89 .01    4.70 .01  
 2457261.3   5.84 .00    4.68 .00  
 2457268.3   5.88 .01    4.72 .01  
 2457485.5   5.78 .00    4.62 .00  
 2457525.5   6.00 .00    4.80 .01  
 2457540.4   5.94 .00    4.75 .01  
 2457557.3   5.87 .01    4.72 .01  
 2457566.4   5.88 .01    4.68 .00  
 2457583.4   5.84 .00    4.65 .01  
 2457591.3   5.82 .01    4.66 .01  
 2457620.3   5.92 .01    4.75 .02  
 2457644.2   5.95 .01    4.75 .01  
 2457801.6   5.84 .00    4.68 .00  
 2457812.6   5.82 .01    4.65 .00  
 2457834.5   5.84 .00    4.68 .00  
 2457846.5   5.90 .01    4.71 .01  
 2457878.4   5.92 .00    4.73 .00  
 2457908.4   5.87 .00    4.69 .00  
 2457971.3   5.92 .01    4.73 .01  
 2457976.3   6.00 .01    4.81 .01  
 2458213.5   6.00 .00    4.82 .00  
 2458231.5   5.98 .00    4.79 .00  
 2458252.4   5.88 .00    4.72 .01  
 2458303.4   5.91 .01    4.72 .01  
 2458334.3   5.96 .01    4.76 .01  
 2458348.3   5.94 .01    4.74 .01  
 2458519.7   5.87 .01    4.71 .00  
 2458534.6   5.93 .00    4.76 .01  
 2458546.6   5.94 .01    4.78 .01  
 2458556.6   5.94 .00    4.77 .00  
 2458561.6   5.92 .00    4.76 .01  
 2458598.5   5.86 .01    4.70 .00  
 2458617.4   5.81 .01    4.67 .00  
 2458627.4   5.84 .01    4.71 .00  
 2458630.4   5.85 .01    4.69 .00  
 2458632.4   5.84 .01    4.70 .01  
 2458636.4   5.90 .01    4.70 .01  
 2458653.3   6.00 .01    4.79 .01  
 2458686.3   5.96 .00    4.76 .01  
 2458706.3   5.86 .01    4.71 .01  
 2458721.2   5.83 .01    4.70 .01  
 2458735.2   5.83 .01    4.68 .01  
 2458875.6   5.91 .00    4.76 .00  
 2458889.6   5.98 .00    4.81 .01  
 2458909.5   5.95 .01    4.78 .00  
 2458921.6   5.92 .00    4.75 .00  
 2458949.5   5.82 .00    4.67 .00  
 2458963.4   5.83 .00    4.68 .00  
 2458980.4   5.89 .00    4.72 .00  
 2459020.4   6.01 .01    4.81 .01  
 2459036.4   5.91 .01    4.74 .01  
 2459067.3   5.83 .01    4.67 .00  
 2459073.3   5.82 .01    4.68 .01  
 2459288.6   5.83 .00    4.66 .00  
 2459306.5   5.83 .01    4.67 .01  
 2459326.4   5.91 .00    4.75 .00  
